GRB080916C
Pass 8
RA: 119.89, Dec: -56.70, Error: 0.07 degrees
MET Trigger Time: 243216766.620, Redshift: 4.35
3 degree extended list, 1000 seconds before and after trigger time

| ENERGY(MeV) | TIME(Seconds) | DISTANCE(Degrees) | CLASSIFICATION |
|     165.105 | -952.22772211 |             2.995 |          EVENT |
|     194.465 | -904.18769756 |             1.856 |         PHOTON |
|      72.358 | -780.39040232 |             1.815 |          EVENT |
|      46.963 | -738.04726076 |             1.969 |          EVENT |
|     149.271 | -689.96952704 |             0.849 |         PHOTON |
|      35.548 | -505.10157904 |             2.676 |          EVENT |
|      79.976 | -443.85808790 |             2.557 |         PHOTON |
|     160.139 | -360.62142923 |             1.223 |         PHOTON |
|      74.200 | -279.89113638 |             2.104 |          EVENT |
|      76.248 | -255.12268138 |             1.450 |          EVENT |
|     174.371 |  -89.45185268 |             1.457 |         PHOTON |
|     301.204 |    3.02509803 |             0.253 |         PHOTON |
|      49.029 |    3.07328641 |             1.207 |         PHOTON |
|     161.421 |    3.94247305 |             2.235 |          EVENT |
|     154.860 |    3.95706016 |             2.466 |         PHOTON |
|     292.040 |    3.96803561 |             1.022 |         PHOTON |
|      59.917 |    4.60045692 |             2.033 |          EVENT |
|      53.371 |    4.60822853 |             1.296 |          EVENT |
|      72.030 |    4.64511827 |             1.921 |          EVENT |
|     256.416 |    4.69549176 |             0.684 |         PHOTON |
|     125.693 |    4.71452036 |             0.584 |         PHOTON |
|     147.189 |    4.75150985 |             2.362 |          EVENT |
|     259.021 |    4.76105875 |             0.876 |          EVENT |
|     151.326 |    4.76430967 |             1.943 |         PHOTON |
|     188.699 |    4.82850212 |             1.839 |          EVENT |
|     106.860 |    4.85398924 |             0.608 |         PHOTON |
|     302.909 |    4.86413240 |             0.210 |          EVENT |
|     122.384 |    4.91121837 |             0.934 |          EVENT |
|      48.179 |    5.11604720 |             2.474 |          EVENT |
|     107.783 |    5.12263960 |             1.670 |          EVENT |
|     255.512 |    5.23187110 |             2.420 |          EVENT |
|     178.710 |    5.26714602 |             2.891 |          EVENT |
|      86.235 |    5.39006948 |             2.662 |         PHOTON |
|      83.184 |    5.40039349 |             2.066 |          EVENT |
|     236.155 |    5.48383471 |             1.790 |         PHOTON |
|     113.372 |    5.52794552 |             2.083 |          EVENT |
|     129.053 |    5.55440283 |             0.675 |         PHOTON |
|     135.625 |    5.59990609 |             2.834 |          EVENT |
|     192.841 |    5.64462170 |             1.289 |         PHOTON |
|     111.867 |    5.69899374 |             2.468 |         PHOTON |
|     381.314 |    5.71481267 |             1.049 |         PHOTON |
|      68.201 |    5.75975898 |             1.234 |         PHOTON |
|      40.760 |    5.77594152 |             2.604 |          EVENT |
|     130.982 |    5.82827798 |             1.097 |          EVENT |
|     127.248 |    5.83029336 |             2.707 |          EVENT |
|     581.942 |    5.85456523 |             0.415 |         PHOTON |
|     525.175 |    5.87910244 |             0.267 |          EVENT |
|      88.357 |    5.94162521 |             0.562 |         PHOTON |
|     274.234 |    5.97261345 |             1.900 |          EVENT |
|     204.503 |    5.98262510 |             1.746 |          EVENT |
|     473.312 |    6.05878827 |             1.461 |         PHOTON |
|     128.019 |    6.05897251 |             2.169 |          EVENT |
|     425.153 |    6.07168505 |             1.839 |         PHOTON |
|    1693.607 |    6.07213745 |             0.115 |         PHOTON |
|     149.911 |    6.12338257 |             0.807 |          EVENT |
|     102.488 |    6.12345302 |             2.647 |         PHOTON |
|      40.932 |    6.15361148 |             1.377 |          EVENT |
|     203.495 |    6.15848061 |             1.147 |          EVENT |
|     572.974 |    6.18840572 |             1.671 |         PHOTON |
|      78.157 |    6.19325903 |             2.550 |          EVENT |
|     185.391 |    6.24677777 |             2.835 |         PHOTON |
|      99.633 |    6.34807137 |             2.028 |         PHOTON |
|     664.775 |    6.36481884 |             0.307 |         PHOTON |
|      82.325 |    6.40225092 |             1.584 |         PHOTON |
|      67.619 |    6.42185453 |             2.785 |          EVENT |
|     296.400 |    6.43720937 |             1.264 |         PHOTON |
|     632.525 |    6.45621899 |             1.637 |          EVENT |
|     298.351 |    6.46033645 |             2.347 |         PHOTON |
|     212.816 |    6.59188241 |             0.934 |         PHOTON |
|      85.132 |    6.59918678 |             1.432 |         PHOTON |
|     189.713 |    6.62367752 |             1.250 |          EVENT |
|      72.323 |    6.68585667 |             1.175 |          EVENT |
|     440.703 |    6.73245087 |             1.827 |         PHOTON |
|      52.972 |    6.73528722 |             2.311 |         PHOTON |
|    2110.097 |    6.85663629 |             0.170 |         PHOTON |
|      53.999 |    6.90979889 |             0.617 |         PHOTON |
|      97.798 |    6.94519198 |             1.406 |          EVENT |
|     515.459 |    7.01823029 |             1.685 |         PHOTON |
|     760.929 |    7.02552304 |             0.419 |         PHOTON |
|      60.286 |    7.15844437 |             2.681 |          EVENT |
|     151.303 |    7.17534313 |             2.363 |         PHOTON |
|     104.087 |    7.26522380 |             2.270 |          EVENT |
|    1500.585 |    7.44478038 |             1.543 |         PHOTON |
|     114.206 |    7.74565849 |             2.066 |          EVENT |
|     148.078 |    7.89527008 |             2.861 |          EVENT |
|     171.511 |    7.92937651 |             0.939 |          EVENT |
|     455.964 |    8.08415329 |             2.836 |         PHOTON |
|      83.322 |    8.20975986 |             1.975 |          EVENT |
|      84.278 |    8.22628769 |             1.808 |          EVENT |
|     134.381 |    8.48114398 |             1.600 |         PHOTON |
|     306.955 |    8.57505965 |             0.506 |         PHOTON |
|     141.751 |    8.59330881 |             1.985 |          EVENT |
|     611.043 |    8.66332966 |             0.566 |         PHOTON |
|     382.309 |    8.80793142 |             1.163 |          EVENT |
|     155.111 |    8.86870027 |             1.066 |         PHOTON |
|     640.068 |    8.92846930 |             1.160 |         PHOTON |
|     109.035 |    8.99195594 |             0.575 |         PHOTON |
|      68.398 |    8.99304336 |             1.576 |         PHOTON |
|     125.902 |    9.34178159 |             0.962 |         PHOTON |
|     147.250 |    9.59369025 |             2.167 |          EVENT |
|     610.173 |    9.70897731 |             0.103 |         PHOTON |
|     268.678 |    9.71475425 |             0.459 |         PHOTON |
|     123.731 |    9.73070410 |             1.429 |         PHOTON |
|      63.473 |   10.10118550 |             2.775 |         PHOTON |
|    1106.073 |   10.21493176 |             0.512 |         PHOTON |
|     666.354 |   10.42646956 |             0.560 |         PHOTON |
|     124.063 |   10.44275975 |             2.099 |          EVENT |
|     107.647 |   10.55626032 |             1.753 |         PHOTON |
|     118.834 |   10.75930122 |             1.495 |         PHOTON |
|      61.407 |   10.75987306 |             2.737 |         PHOTON |
|      51.514 |   10.84237394 |             0.876 |          EVENT |
|     808.851 |   11.09068632 |             0.176 |         PHOTON |
|      75.396 |   11.44080687 |             0.356 |         PHOTON |
|      98.970 |   11.67730084 |             1.955 |         PHOTON |
|     473.324 |   12.33666402 |             0.701 |         PHOTON |
|     132.580 |   12.41451195 |             1.242 |          EVENT |
|     660.198 |   12.73947901 |             1.113 |         PHOTON |
|     145.926 |   12.78295684 |             2.411 |          EVENT |
|     954.978 |   12.94216052 |             0.966 |          EVENT |
|     276.633 |   13.47308761 |             0.999 |         PHOTON |
|     163.285 |   13.51668242 |             0.832 |         PHOTON |
|     152.947 |   13.67634356 |             1.979 |          EVENT |
|     699.252 |   13.86123329 |             0.483 |         PHOTON |
|     103.274 |   14.11822093 |             2.473 |          EVENT |
|     450.698 |   14.15355313 |             0.666 |          EVENT |
|     238.106 |   14.17016706 |             0.411 |         PHOTON |
|     737.033 |   14.41005313 |             0.841 |         PHOTON |
|     369.604 |   14.53072894 |             0.831 |         PHOTON |
|     104.953 |   14.64722469 |             1.892 |         PHOTON |
|      49.617 |   15.17573276 |             1.956 |         PHOTON |
|     238.221 |   15.91507149 |             2.767 |         PHOTON |
|     168.537 |   16.07631633 |             0.272 |          EVENT |
|   12421.473 |   16.53811711 |             0.103 |         PHOTON |
|      56.295 |   16.58402583 |             2.639 |          EVENT |
|     109.945 |   16.61101121 |             1.018 |         PHOTON |
|    1230.389 |   16.79813421 |             0.470 |         PHOTON |
|     120.039 |   16.81449735 |             2.500 |          EVENT |
|     158.512 |   17.08660722 |             1.288 |         PHOTON |
|     105.600 |   17.18451276 |             0.858 |         PHOTON |
|      88.980 |   17.49725422 |             2.186 |          EVENT |
|     106.606 |   17.56380895 |             2.627 |          EVENT |
|      90.991 |   17.65368193 |             2.065 |          EVENT |
|     262.407 |   17.79161701 |             1.065 |          EVENT |
|     129.819 |   17.84381649 |             2.781 |         PHOTON |
|     244.139 |   17.86614865 |             1.504 |         PHOTON |
|      94.373 |   19.18709046 |             2.525 |         PHOTON |
|     159.493 |   19.37910354 |             2.679 |         PHOTON |
|     107.096 |   19.51013771 |             0.858 |          EVENT |
|    1382.093 |   19.72939977 |             0.056 |         PHOTON |
|     106.776 |   20.71004963 |             1.979 |          EVENT |
|     353.309 |   20.83890757 |             1.031 |          EVENT |
|      41.332 |   21.21599260 |             1.967 |         PHOTON |
|      56.098 |   21.47500467 |             1.849 |          EVENT |
|     695.900 |   22.08652845 |             0.493 |          EVENT |
|     104.719 |   22.12510362 |             1.675 |          EVENT |
|     226.583 |   22.12573591 |             1.733 |         PHOTON |
|     220.710 |   22.19595900 |             2.346 |          EVENT |
|    2568.059 |   22.20877948 |             0.249 |         PHOTON |
|     817.066 |   22.25051889 |             2.549 |          EVENT |
|     958.809 |   22.37451375 |             0.203 |         PHOTON |
|     903.676 |   22.53826350 |             0.484 |         PHOTON |
|     577.443 |   22.56309491 |             0.660 |          EVENT |
|     126.558 |   22.65454403 |             2.716 |         PHOTON |
|      39.375 |   22.86546382 |             2.477 |         PHOTON |
|      55.564 |   22.91782483 |             1.288 |          EVENT |
|      48.266 |   22.99266890 |             1.714 |          EVENT |
|     481.888 |   23.05034915 |             1.215 |         PHOTON |
|     238.275 |   23.22199538 |             0.165 |         PHOTON |
|     445.410 |   23.81360137 |             1.241 |          EVENT |
|     158.310 |   23.86232129 |             1.331 |         PHOTON |
|    1649.137 |   23.92616373 |             0.413 |         PHOTON |
|     225.199 |   24.43173084 |             1.189 |          EVENT |
|      61.260 |   24.82278603 |             0.255 |         PHOTON |
|     197.211 |   24.88652623 |             1.367 |          EVENT |
|     434.980 |   24.88858011 |             1.317 |          EVENT |
|      76.577 |   25.75267786 |             1.103 |          EVENT |
|      83.634 |   25.82597026 |             1.705 |         PHOTON |
|     436.524 |   25.95269874 |             1.255 |         PHOTON |
|    2499.742 |   26.31338692 |             0.029 |         PHOTON |
|    1742.313 |   27.04614997 |             0.438 |         PHOTON |
|     722.764 |   27.30735344 |             0.369 |         PHOTON |
|     542.311 |   27.54664856 |             0.074 |         PHOTON |
|      72.202 |   27.90052783 |             1.671 |          EVENT |
|    6721.313 |   28.20312634 |             0.100 |         PHOTON |
|     764.509 |   29.29040104 |             0.103 |         PHOTON |
|      65.733 |   29.40469745 |             1.883 |          EVENT |
|      59.609 |   29.70471537 |             1.228 |         PHOTON |
|     193.729 |   30.09446624 |             0.670 |          EVENT |
|     188.755 |   30.55618513 |             0.694 |          EVENT |
|     192.267 |   30.98378471 |             0.837 |         PHOTON |
|      61.868 |   30.99218941 |             1.704 |         PHOTON |
|      43.526 |   32.64752465 |             2.987 |          EVENT |
|      43.558 |   33.12192580 |             2.853 |          EVENT |
|     114.118 |   33.63803756 |             1.502 |         PHOTON |
|      73.317 |   34.30281663 |             1.106 |         PHOTON |
|     204.925 |   35.67449304 |             2.679 |          EVENT |
|     115.799 |   35.81809664 |             1.696 |         PHOTON |
|      86.166 |   36.10447541 |             1.108 |          EVENT |
|     228.295 |   36.58739072 |             1.244 |         PHOTON |
|     153.668 |   36.64608514 |             2.591 |         PHOTON |
|     374.467 |   36.74843505 |             2.399 |         PHOTON |
|      34.983 |   37.09184071 |             0.911 |         PHOTON |
|      79.332 |   37.36766851 |             1.824 |         PHOTON |
|     204.605 |   37.37593654 |             0.824 |          EVENT |
|     140.245 |   37.89897719 |             1.789 |         PHOTON |
|      34.903 |   38.11230746 |             1.783 |         PHOTON |
|     261.286 |   38.38892332 |             1.363 |          EVENT |
|     817.587 |   39.88489944 |             0.299 |          EVENT |
|   27428.805 |   40.50245160 |             0.035 |         PHOTON |
|     526.504 |   40.65571713 |             0.283 |          EVENT |
|     448.483 |   40.96847701 |             0.629 |          EVENT |
|     224.007 |   41.96309510 |             0.997 |          EVENT |
|     243.994 |   42.07515112 |             1.125 |         PHOTON |
|     930.888 |   42.14567417 |             0.491 |         PHOTON |
|      56.023 |   42.44996563 |             0.911 |         PHOTON |
|     966.404 |   42.90518278 |             0.162 |          EVENT |
|     605.974 |   43.11249980 |             0.191 |         PHOTON |
|     242.158 |   43.45129195 |             0.545 |         PHOTON |
|     199.487 |   43.56801242 |             1.358 |          EVENT |
|     899.387 |   43.67369959 |             0.367 |         PHOTON |
|     206.699 |   43.74255389 |             0.775 |         PHOTON |
|      85.608 |   43.82735044 |             1.281 |          EVENT |
|    5707.021 |   43.99206814 |             0.109 |         PHOTON |
|      81.680 |   44.32197952 |             2.860 |         PHOTON |
|     773.581 |   45.15162632 |             0.404 |         PHOTON |
|     167.507 |   45.26440567 |             0.693 |         PHOTON |
|     334.287 |   45.78311011 |             1.073 |         PHOTON |
|      80.997 |   45.86203432 |             1.895 |          EVENT |
|     309.194 |   46.20130360 |             1.173 |         PHOTON |
|     152.695 |   47.50841564 |             0.672 |         PHOTON |
|      80.027 |   48.75419074 |             2.431 |          EVENT |
|     145.720 |   49.10167867 |             2.035 |         PHOTON |
|     106.672 |   50.82786870 |             2.973 |          EVENT |
|      64.453 |   53.02014986 |             2.806 |         PHOTON |
|     464.473 |   55.57510391 |             1.726 |         PHOTON |
|     299.002 |   58.30154637 |             0.616 |         PHOTON |
|     420.041 |   58.96444517 |             0.226 |         PHOTON |
|      51.162 |   61.73845199 |             2.415 |         PHOTON |
|     226.019 |   64.66828030 |             1.039 |         PHOTON |
|     989.428 |   65.52123162 |             0.823 |         PHOTON |
|     198.299 |   65.53664428 |             1.302 |         PHOTON |
|      57.747 |   65.88348839 |             1.991 |          EVENT |
|     164.349 |   65.92443758 |             2.107 |          EVENT |
|     189.135 |   66.41191527 |             0.591 |         PHOTON |
|     253.002 |   66.48897550 |             0.284 |         PHOTON |
|     124.021 |   66.61727726 |             2.952 |         PHOTON |
|     443.472 |   68.82210749 |             2.179 |         PHOTON |
|     164.673 |   69.73900294 |             0.312 |         PHOTON |
|     143.279 |   70.38820621 |             1.948 |         PHOTON |
|     867.561 |   70.61660030 |             0.155 |         PHOTON |
|     466.222 |   71.38872480 |             2.282 |         PHOTON |
|     379.301 |   71.89034313 |             1.114 |         PHOTON |
|     357.906 |   73.58005455 |             1.001 |         PHOTON |
|      43.595 |   80.69659323 |             2.828 |          EVENT |
|     155.713 |   81.81860518 |             2.173 |          EVENT |
|     159.058 |   82.64412713 |             2.345 |          EVENT |
|      41.218 |   83.56586248 |             2.230 |         PHOTON |
|      43.714 |   84.06744161 |             2.043 |         PHOTON |
|     141.539 |   84.24918306 |             1.456 |          EVENT |
|     565.400 |   92.38870156 |             0.423 |         PHOTON |
|     344.258 |   93.30780888 |             0.442 |         PHOTON |
|     284.197 |   94.77338621 |             1.731 |         PHOTON |
|     483.482 |   96.02482197 |             0.631 |         PHOTON |
|     706.964 |   96.30246633 |             0.505 |         PHOTON |
|     751.930 |   97.51803991 |             0.808 |         PHOTON |
|     196.184 |   99.11864570 |             1.898 |          EVENT |
|     792.024 |  101.10864723 |             0.941 |         PHOTON |
|     141.927 |  106.12468410 |             1.297 |          EVENT |
|     151.069 |  110.73679495 |             0.846 |         PHOTON |
|     607.234 |  113.21730423 |             1.061 |          EVENT |
|     598.762 |  116.64181656 |             0.969 |         PHOTON |
|     137.505 |  116.93192261 |             0.536 |          EVENT |
|     875.829 |  124.15804645 |             0.378 |         PHOTON |
|     846.429 |  125.69190696 |             0.241 |         PHOTON |
|     162.653 |  127.97545350 |             1.776 |          EVENT |
|     106.600 |  129.74730903 |             1.493 |         PHOTON |
|    1212.478 |  133.85947859 |             0.365 |         PHOTON |
|     140.331 |  138.93854392 |             2.402 |          EVENT |
|     180.846 |  139.29878518 |             1.687 |          EVENT |
|     858.504 |  140.67355862 |             0.164 |         PHOTON |
|     224.081 |  140.87530056 |             0.917 |          EVENT |
|      50.283 |  148.74269569 |             0.840 |          EVENT |
|     218.003 |  148.82921806 |             2.472 |         PHOTON |
|     157.279 |  150.79929265 |             2.089 |         PHOTON |
|     211.675 |  152.01193437 |             0.752 |         PHOTON |
|    1336.787 |  153.90290061 |             0.337 |         PHOTON |
|     680.999 |  157.43445539 |             0.467 |         PHOTON |
|     990.699 |  164.74645388 |             0.874 |         PHOTON |
|     624.428 |  165.33739471 |             0.395 |         PHOTON |
|     491.472 |  165.74273774 |             2.111 |         PHOTON |
|     244.697 |  166.46524614 |             1.043 |         PHOTON |
|      51.886 |  173.75970632 |             1.383 |          EVENT |
|      75.828 |  174.69010219 |             1.751 |         PHOTON |
|     206.979 |  179.24852100 |             1.888 |         PHOTON |
|     708.650 |  183.27791622 |             1.055 |          EVENT |
|     390.382 |  187.27388352 |             1.237 |          EVENT |
|     591.772 |  193.88653910 |             0.907 |         PHOTON |
|      90.389 |  196.38364536 |             1.912 |          EVENT |
|     945.354 |  197.11974236 |             0.650 |         PHOTON |
|     186.141 |  213.86059675 |             1.103 |          EVENT |
|     149.023 |  217.61728200 |             2.281 |         PHOTON |
|      77.701 |  241.58564663 |             1.297 |         PHOTON |
|     168.854 |  242.71075308 |             1.404 |         PHOTON |
|     145.355 |  266.49730715 |             0.684 |          EVENT |
|     251.436 |  269.79978845 |             1.389 |         PHOTON |
|     607.392 |  280.38022989 |             0.424 |         PHOTON |
|      77.967 |  283.41929209 |             2.950 |         PHOTON |
|     305.209 |  286.84130242 |             2.070 |         PHOTON |
|     399.340 |  303.33849928 |             0.890 |         PHOTON |
|      62.414 |  311.84042183 |             1.737 |         PHOTON |
|     551.500 |  320.27235839 |             1.502 |          EVENT |
|     341.353 |  369.15359247 |             0.612 |          EVENT |
|     416.340 |  401.64241314 |             1.465 |          EVENT |
|     403.104 |  403.20055607 |             2.219 |         PHOTON |
|     267.830 |  408.40839496 |             2.901 |         PHOTON |
|      35.326 |  416.76147977 |             1.434 |         PHOTON |
|      46.625 |  422.53348005 |             2.295 |          EVENT |
|     244.482 |  450.67866838 |             0.829 |         PHOTON |
|      43.781 |  478.23508230 |             2.302 |          EVENT |
|      90.373 |  503.77875882 |             2.592 |          EVENT |
|     470.093 |  573.10691294 |             0.435 |         PHOTON |
|     174.196 |  601.55452946 |             0.202 |         PHOTON |
|     167.671 |  630.05118081 |             0.897 |          EVENT |
|     118.003 |  664.80257967 |             0.503 |         PHOTON |
|     172.145 |  676.12446052 |             2.668 |         PHOTON |
|     134.866 |  695.22274366 |             2.725 |          EVENT |
|     134.596 |  700.56200761 |             1.146 |          EVENT |
|      32.081 |  706.57243693 |             1.817 |          EVENT |
|     133.759 |  711.43283865 |             2.539 |         PHOTON |
|     146.728 |  730.15654013 |             0.512 |          EVENT |
|     261.335 |  901.40736151 |             0.931 |         PHOTON |
|     479.421 |  906.93007874 |             2.307 |          EVENT |
