GRB090510
Pass 8
RA: 333.57, Dec: -26.62, Error: 0.05 degrees
MET Trigger Time: 263607781.970, Redshift: 0.9
3 degree extended list, 1000 seconds before and after trigger time

| ENERGY(MeV) | TIME(Seconds) | DISTANCE(Degrees) | CLASSIFICATION |
|      81.927 | -442.65874717 |             1.859 |          EVENT |
|      42.786 | -135.42231175 |             1.813 |          EVENT |
|      94.250 |  -97.39904076 |             0.638 |          EVENT |
|      34.622 |   -9.59957144 |             2.337 |          EVENT |
|     726.056 |   -0.00256708 |             0.795 |         PHOTON |
|     455.833 |    0.03611058 |             0.865 |         PHOTON |
|      81.759 |    0.17258430 |             2.271 |          EVENT |
|     526.222 |    0.17646256 |             0.376 |         PHOTON |
|     299.793 |    0.65067801 |             2.046 |         PHOTON |
|      30.557 |    0.66557318 |             2.275 |          EVENT |
|     200.697 |    0.66972494 |             1.942 |          EVENT |
|      77.171 |    0.69135553 |             1.448 |          EVENT |
|      97.874 |    0.69163603 |             1.511 |          EVENT |
|     286.205 |    0.69587463 |             0.724 |         PHOTON |
|     261.230 |    0.69629416 |             2.991 |         PHOTON |
|      84.935 |    0.71142891 |             1.406 |         PHOTON |
|      65.055 |    0.71350154 |             2.820 |          EVENT |
|      85.030 |    0.72186878 |             1.191 |          EVENT |
|      86.907 |    0.72898290 |             2.507 |          EVENT |
|     270.551 |    0.73197228 |             0.604 |          EVENT |
|    1274.425 |    0.73223358 |             0.185 |         PHOTON |
|    1863.879 |    0.73278257 |             1.025 |         PHOTON |
|    3462.956 |    0.73694143 |             0.061 |         PHOTON |
|      44.673 |    0.73768705 |             2.273 |          EVENT |
|     811.425 |    0.73879430 |             0.053 |         PHOTON |
|     131.268 |    0.73891941 |             2.683 |          EVENT |
|      88.730 |    0.75560260 |             1.735 |          EVENT |
|     208.435 |    0.75767833 |             1.000 |          EVENT |
|     187.255 |    0.76690552 |             2.628 |         PHOTON |
|     167.748 |    0.76753092 |             0.576 |          EVENT |
|     103.271 |    0.76829401 |             1.461 |         PHOTON |
|     246.802 |    0.76999599 |             0.519 |         PHOTON |
|     110.703 |    0.77035064 |             1.025 |          EVENT |
|      70.410 |    0.77645987 |             2.517 |          EVENT |
|      82.916 |    0.78114524 |             0.582 |          EVENT |
|      80.892 |    0.79072160 |             0.748 |          EVENT |
|     257.510 |    0.79083034 |             0.087 |         PHOTON |
|      99.742 |    0.79176739 |             1.993 |          EVENT |
|     532.165 |    0.79306698 |             0.458 |         PHOTON |
|    1389.403 |    0.79310843 |             0.414 |         PHOTON |
|    2527.076 |    0.79417732 |             0.316 |         PHOTON |
|     358.741 |    0.79504776 |             1.065 |         PHOTON |
|     860.664 |    0.80158919 |             1.934 |         PHOTON |
|     343.644 |    0.81411383 |             0.276 |          EVENT |
|     256.466 |    0.81703204 |             0.481 |         PHOTON |
|     198.865 |    0.82007775 |             0.726 |         PHOTON |
|     815.858 |    0.82286158 |             1.016 |         PHOTON |
|     161.185 |    0.82558429 |             2.628 |         PHOTON |
|      98.568 |    0.82846257 |             2.197 |          EVENT |
|    2008.683 |    0.82919028 |             1.206 |         PHOTON |
|   29914.779 |    0.82931891 |             0.013 |         PHOTON |
|     111.890 |    0.82996857 |             2.650 |         PHOTON |
|    1253.673 |    0.83009636 |             0.528 |         PHOTON |
|      50.108 |    0.83449152 |             1.497 |          EVENT |
|     763.463 |    0.83892024 |             0.694 |          EVENT |
|     133.830 |    0.84467632 |             2.002 |          EVENT |
|     148.618 |    0.84555572 |             1.659 |          EVENT |
|     438.691 |    0.84650481 |             0.536 |         PHOTON |
|    6642.531 |    0.84672934 |             0.063 |         PHOTON |
|     234.283 |    0.84852779 |             0.139 |         PHOTON |
|      88.506 |    0.85109571 |             2.468 |         PHOTON |
|     917.285 |    0.85180220 |             0.107 |         PHOTON |
|     547.934 |    0.85511097 |             0.308 |          EVENT |
|     280.275 |    0.85765573 |             0.272 |          EVENT |
|     115.820 |    0.86116734 |             2.299 |          EVENT |
|     533.812 |    0.86638302 |             2.064 |          EVENT |
|      36.574 |    0.86721888 |             1.587 |         PHOTON |
|      87.035 |    0.86883062 |             1.996 |         PHOTON |
|     356.016 |    0.86950514 |             2.161 |          EVENT |
|     910.798 |    0.87359917 |             0.432 |          EVENT |
|     246.295 |    0.88461182 |             0.377 |         PHOTON |
|      86.393 |    0.88800630 |             1.101 |         PHOTON |
|     139.377 |    0.88908634 |             0.659 |          EVENT |
|     455.970 |    0.89111412 |             1.371 |         PHOTON |
|      54.495 |    0.89220586 |             1.978 |          EVENT |
|     531.611 |    0.89408410 |             0.198 |         PHOTON |
|     710.889 |    0.89457184 |             0.768 |         PHOTON |
|      39.530 |    0.89580151 |             1.466 |          EVENT |
|    2195.223 |    0.90576673 |             0.558 |         PHOTON |
|     241.871 |    0.90598172 |             0.797 |         PHOTON |
|     197.699 |    0.91047886 |             1.494 |          EVENT |
|     297.278 |    0.91212341 |             2.816 |         PHOTON |
|     153.467 |    0.91343775 |             1.061 |         PHOTON |
|     115.964 |    0.91520849 |             2.370 |         PHOTON |
|    1100.661 |    0.91539192 |             0.423 |         PHOTON |
|    2545.029 |    0.91781855 |             0.130 |         PHOTON |
|     175.378 |    0.91907778 |             2.620 |         PHOTON |
|      31.809 |    0.92533648 |             2.481 |         PHOTON |
|     137.280 |    0.92845505 |             0.952 |          EVENT |
|      51.956 |    0.93474808 |             1.835 |          EVENT |
|     132.909 |    0.94828895 |             0.524 |         PHOTON |
|      54.859 |    0.94986773 |             2.601 |          EVENT |
|     377.799 |    0.95378613 |             1.839 |          EVENT |
|    2530.832 |    0.95531148 |             0.106 |         PHOTON |
|     254.259 |    0.96128821 |             0.425 |          EVENT |
|     111.691 |    0.96334150 |             1.366 |         PHOTON |
|     109.855 |    0.96724266 |             0.625 |          EVENT |
|     405.550 |    0.96824136 |             0.782 |         PHOTON |
|     682.727 |    0.97479963 |             0.295 |         PHOTON |
|      42.465 |    0.97608894 |             2.025 |          EVENT |
|     447.543 |    0.98069268 |             1.058 |         PHOTON |
|    1479.341 |    0.98309311 |             1.838 |          EVENT |
|      42.091 |    0.98470730 |             1.152 |         PHOTON |
|     104.268 |    1.00596529 |             2.796 |          EVENT |
|     163.874 |    1.00909361 |             2.661 |          EVENT |
|     933.189 |    1.01039571 |             1.208 |         PHOTON |
|     559.680 |    1.01480100 |             0.114 |         PHOTON |
|     153.652 |    1.01584458 |             2.502 |          EVENT |
|     130.301 |    1.02177024 |             1.241 |          EVENT |
|     277.620 |    1.02824277 |             1.276 |         PHOTON |
|     702.599 |    1.03296643 |             1.708 |         PHOTON |
|     181.437 |    1.05528235 |             2.399 |         PHOTON |
|     448.858 |    1.06294948 |             0.814 |         PHOTON |
|    1363.826 |    1.06765977 |             0.445 |         PHOTON |
|     189.633 |    1.07066509 |             2.497 |         PHOTON |
|     116.767 |    1.09147209 |             1.322 |         PHOTON |
|      81.666 |    1.09826076 |             0.918 |          EVENT |
|     285.377 |    1.11206889 |             2.067 |         PHOTON |
|      67.984 |    1.11413452 |             2.963 |          EVENT |
|     256.903 |    1.11927885 |             2.211 |         PHOTON |
|     255.041 |    1.14691153 |             1.590 |         PHOTON |
|      89.338 |    1.16107729 |             2.459 |         PHOTON |
|     326.369 |    1.16172504 |             0.420 |         PHOTON |
|     372.405 |    1.16262683 |             0.321 |         PHOTON |
|      64.882 |    1.16332352 |             0.717 |          EVENT |
|     350.221 |    1.16836244 |             1.848 |         PHOTON |
|    1638.653 |    1.17061141 |             0.149 |         PHOTON |
|      41.345 |    1.17270589 |             2.882 |          EVENT |
|     120.731 |    1.17678154 |             2.849 |          EVENT |
|    1415.148 |    1.18278319 |             0.344 |         PHOTON |
|      58.003 |    1.19924632 |             1.877 |         PHOTON |
|     220.301 |    1.20581129 |             0.213 |         PHOTON |
|     178.907 |    1.21079716 |             0.812 |          EVENT |
|      80.821 |    1.22088525 |             2.921 |          EVENT |
|     252.736 |    1.23330772 |             1.164 |         PHOTON |
|     162.576 |    1.25195950 |             1.133 |          EVENT |
|     222.546 |    1.25499710 |             2.048 |         PHOTON |
|     211.179 |    1.26624900 |             1.657 |         PHOTON |
|     120.575 |    1.28545845 |             0.774 |          EVENT |
|    2187.184 |    1.29444873 |             0.278 |         PHOTON |
|     251.996 |    1.29451257 |             1.331 |         PHOTON |
|      92.356 |    1.29661363 |             2.670 |          EVENT |
|      43.166 |    1.29948208 |             1.905 |          EVENT |
|     550.231 |    1.30095106 |             0.527 |          EVENT |
|     156.394 |    1.30975616 |             0.641 |         PHOTON |
|     511.018 |    1.31242836 |             0.821 |         PHOTON |
|      61.767 |    1.33073226 |             2.806 |         PHOTON |
|     207.298 |    1.33341643 |             2.984 |         PHOTON |
|     122.341 |    1.36791363 |             0.823 |         PHOTON |
|     116.597 |    1.40734705 |             1.964 |         PHOTON |
|      77.166 |    1.47434574 |             1.730 |         PHOTON |
|     109.393 |    1.49099371 |             1.858 |          EVENT |
|     884.870 |    1.50941652 |             2.487 |          EVENT |
|      52.845 |    1.51640716 |             0.240 |          EVENT |
|     243.940 |    1.51955888 |             0.616 |         PHOTON |
|     368.774 |    1.52083138 |             1.624 |         PHOTON |
|     254.146 |    1.54953113 |             0.481 |          EVENT |
|    4438.914 |    1.55596316 |             0.079 |         PHOTON |
|     221.235 |    1.55762994 |             1.426 |         PHOTON |
|     116.642 |    1.58603731 |             1.720 |         PHOTON |
|      56.815 |    1.58621156 |             2.698 |         PHOTON |
|     103.213 |    1.59178975 |             0.918 |         PHOTON |
|    2205.632 |    1.59434193 |             0.524 |         PHOTON |
|      88.897 |    1.66822535 |             1.192 |         PHOTON |
|      89.143 |    1.73246160 |             1.428 |          EVENT |
|      30.135 |    1.74897999 |             2.853 |          EVENT |
|     580.703 |    1.75412986 |             0.398 |         PHOTON |
|     126.456 |    1.76254436 |             2.520 |          EVENT |
|     316.020 |    1.77289042 |             0.093 |         PHOTON |
|     103.923 |    1.78448540 |             1.920 |          EVENT |
|      75.149 |    1.87989289 |             0.633 |          EVENT |
|     203.196 |    1.91149098 |             0.305 |         PHOTON |
|      77.083 |    1.96105090 |             1.057 |          EVENT |
|      97.181 |    1.97929180 |             1.820 |         PHOTON |
|     738.649 |    1.99647853 |             0.787 |         PHOTON |
|     414.282 |    2.04099050 |             0.471 |          EVENT |
|     464.463 |    2.05625850 |             0.589 |         PHOTON |
|      82.990 |    2.08253515 |             1.974 |          EVENT |
|     192.586 |    2.09293029 |             1.187 |          EVENT |
|      49.739 |    2.12224230 |             1.480 |          EVENT |
|     991.120 |    2.15672430 |             2.828 |         PHOTON |
|    1690.937 |    2.24035403 |             0.060 |         PHOTON |
|      52.447 |    2.25180852 |             1.899 |         PHOTON |
|      58.342 |    2.26411405 |             2.311 |          EVENT |
|     609.641 |    2.28296071 |             0.661 |         PHOTON |
|      45.844 |    2.30161011 |             0.450 |         PHOTON |
|      70.971 |    2.35997409 |             0.650 |          EVENT |
|      61.445 |    2.43094924 |             1.335 |          EVENT |
|      44.349 |    2.52779716 |             2.918 |          EVENT |
|     134.592 |    2.57521167 |             0.961 |          EVENT |
|      45.366 |    2.58922103 |             2.434 |          EVENT |
|     305.444 |    2.61621869 |             0.600 |          EVENT |
|     239.266 |    2.62835234 |             1.426 |          EVENT |
|      69.521 |    2.66825411 |             2.525 |          EVENT |
|      95.703 |    2.68708178 |             2.618 |         PHOTON |
|     123.234 |    2.74211523 |             2.978 |         PHOTON |
|     202.792 |    2.74458027 |             1.112 |         PHOTON |
|     110.775 |    2.75292814 |             1.000 |         PHOTON |
|      43.703 |    2.75442183 |             0.351 |          EVENT |
|     252.912 |    2.76896158 |             0.496 |         PHOTON |
|    2153.008 |    2.93216437 |             0.390 |         PHOTON |
|     118.982 |    2.94961959 |             0.493 |         PHOTON |
|     256.639 |    2.95481259 |             1.340 |         PHOTON |
|     203.831 |    2.95935884 |             0.551 |         PHOTON |
|      57.954 |    2.98616520 |             1.367 |          EVENT |
|     254.174 |    2.99126202 |             1.639 |         PHOTON |
|      75.232 |    3.04773933 |             2.777 |          EVENT |
|     496.246 |    3.07825512 |             0.167 |         PHOTON |
|      79.934 |    3.15469643 |             1.462 |         PHOTON |
|    1375.923 |    3.20768026 |             0.236 |         PHOTON |
|      36.144 |    3.26708332 |             1.011 |          EVENT |
|      92.096 |    3.34947911 |             2.073 |         PHOTON |
|     391.641 |    3.37486941 |             0.031 |         PHOTON |
|      64.870 |    3.37609220 |             2.328 |         PHOTON |
|     208.863 |    3.41078019 |             0.358 |         PHOTON |
|    2639.459 |    3.43263209 |             0.262 |         PHOTON |
|     315.842 |    3.51294380 |             2.469 |         PHOTON |
|    3706.507 |    3.67664614 |             0.139 |         PHOTON |
|      57.576 |    4.01782098 |             2.926 |          EVENT |
|      88.370 |    4.09703183 |             1.828 |          EVENT |
|     935.679 |    4.14769545 |             1.832 |          EVENT |
|      98.999 |    4.27859825 |             2.674 |          EVENT |
|      37.903 |    4.30558980 |             0.865 |          EVENT |
|     203.381 |    4.31150553 |             2.443 |         PHOTON |
|     218.895 |    4.40009221 |             1.094 |          EVENT |
|     640.125 |    4.48752949 |             0.404 |         PHOTON |
|      52.926 |    4.58782497 |             0.909 |         PHOTON |
|     826.057 |    4.63619849 |             0.473 |         PHOTON |
|     124.219 |    4.75096396 |             1.624 |         PHOTON |
|      44.389 |    4.81716666 |             1.276 |         PHOTON |
|    1291.432 |    4.91981840 |             0.368 |         PHOTON |
|      73.599 |    5.12182900 |             2.773 |          EVENT |
|     367.090 |    5.28263921 |             2.033 |          EVENT |
|     265.988 |    5.31851402 |             0.925 |         PHOTON |
|     896.890 |    5.35660049 |             2.515 |         PHOTON |
|     553.185 |    5.44247663 |             0.438 |         PHOTON |
|      31.160 |    6.05899251 |             2.110 |          EVENT |
|      54.129 |    6.24464279 |             1.135 |         PHOTON |
|     199.853 |    6.31375831 |             1.501 |         PHOTON |
|      61.378 |    6.37315130 |             2.792 |         PHOTON |
|      48.107 |    6.44456419 |             1.178 |          EVENT |
|      40.165 |    7.11824340 |             0.937 |          EVENT |
|      82.562 |    7.19753751 |             2.130 |          EVENT |
|     119.088 |    7.27545398 |             2.680 |         PHOTON |
|      37.016 |    7.62812826 |             1.663 |          EVENT |
|      61.597 |    7.74807209 |             1.279 |          EVENT |
|     172.184 |    7.83983672 |             1.343 |         PHOTON |
|    1006.635 |    9.29576498 |             0.640 |         PHOTON |
|    1662.099 |    9.64871210 |             0.300 |         PHOTON |
|     332.031 |   10.10851628 |             1.322 |         PHOTON |
|     210.374 |   11.87879616 |             1.413 |          EVENT |
|     138.106 |   12.09319532 |             2.225 |          EVENT |
|     136.897 |   13.67067420 |             1.384 |         PHOTON |
|      98.286 |   14.51296920 |             1.236 |          EVENT |
|     144.063 |   14.89591080 |             2.315 |         PHOTON |
|     147.572 |   15.95058939 |             0.632 |          EVENT |
|      81.317 |   18.75662920 |             2.420 |          EVENT |
|     129.631 |   19.74923396 |             1.340 |         PHOTON |
|      73.012 |   20.18507007 |             1.239 |         PHOTON |
|      98.251 |   20.48568448 |             0.234 |         PHOTON |
|     147.526 |   21.08011734 |             0.835 |         PHOTON |
|     109.317 |   21.28011814 |             0.623 |         PHOTON |
|    1460.020 |   23.11287087 |             0.404 |         PHOTON |
|     129.027 |   23.58535868 |             1.042 |          EVENT |
|     288.014 |   26.53546992 |             2.777 |         PHOTON |
|      54.031 |   27.50971282 |             2.625 |         PHOTON |
|     228.919 |   29.43840042 |             2.866 |         PHOTON |
|     128.628 |   29.45604739 |             2.273 |          EVENT |
|      96.889 |   29.66555616 |             2.742 |         PHOTON |
|     239.004 |   31.07902732 |             1.247 |          EVENT |
|      85.920 |   36.86174500 |             2.149 |          EVENT |
|    1291.969 |   38.60182616 |             0.274 |         PHOTON |
|      76.760 |   38.75381792 |             1.574 |         PHOTON |
|    1845.557 |   45.23310679 |             0.302 |         PHOTON |
|     216.214 |   45.60275209 |             1.171 |         PHOTON |
|     196.867 |   46.08319092 |             1.603 |         PHOTON |
|     514.686 |   47.63392070 |             0.098 |         PHOTON |
|    1542.326 |   47.99621928 |             0.797 |         PHOTON |
|     157.790 |   49.61960399 |             1.850 |         PHOTON |
|      89.621 |   51.73898751 |             1.360 |         PHOTON |
|      51.874 |   65.40239251 |             1.120 |         PHOTON |
|      96.907 |   65.73857373 |             2.651 |          EVENT |
|     153.805 |   71.22025526 |             0.371 |         PHOTON |
|     109.528 |   89.76823863 |             1.401 |         PHOTON |
|     249.211 |   95.69855413 |             0.621 |         PHOTON |
|    1366.258 |   98.92744443 |             0.204 |         PHOTON |
|     265.563 |  100.85115701 |             2.215 |          EVENT |
|     176.597 |  137.44593680 |             1.249 |         PHOTON |
|      40.135 |  142.18326098 |             2.509 |         PHOTON |
|      44.119 |  162.92554879 |             1.510 |          EVENT |
|     224.474 |  169.98029938 |             0.838 |         PHOTON |
|     141.340 |  239.89405921 |             1.021 |         PHOTON |
