GRB090926A
Pass 8
RA: 353.56, Dec: -66.37, Error: 0.06 degrees
MET Trigger Time: 275631628.990, Redshift: 2.11
3 degree extended list, 1000 seconds before and after trigger time

| ENERGY(MeV) | TIME(Seconds) | DISTANCE(Degrees) | CLASSIFICATION |
|      70.623 |    1.86847949 |             2.176 |         PHOTON |
|     128.981 |    2.37874013 |             2.576 |          EVENT |
|      86.418 |    3.38204652 |             2.012 |          EVENT |
|     177.342 |    4.02118593 |             2.346 |         PHOTON |
|     159.102 |    4.46839070 |             0.589 |         PHOTON |
|     355.008 |    4.67570758 |             2.107 |         PHOTON |
|      47.831 |    4.69350338 |             2.725 |          EVENT |
|    1608.480 |    4.76532406 |             0.649 |         PHOTON |
|      53.438 |    4.89812696 |             2.624 |          EVENT |
|     148.223 |    4.96772957 |             1.043 |          EVENT |
|      71.335 |    5.03293699 |             1.070 |          EVENT |
|     211.749 |    5.08705992 |             1.106 |         PHOTON |
|     271.410 |    5.09323597 |             1.144 |         PHOTON |
|      92.864 |    5.34054333 |             0.924 |          EVENT |
|      57.096 |    5.39857447 |             2.505 |          EVENT |
|      79.113 |    5.47761577 |             1.829 |          EVENT |
|     124.458 |    5.56226832 |             1.693 |         PHOTON |
|     229.125 |    5.66921580 |             1.534 |         PHOTON |
|     116.434 |    5.71406370 |             0.059 |          EVENT |
|      62.307 |    5.82585067 |             1.779 |         PHOTON |
|     100.948 |    5.83412844 |             2.650 |         PHOTON |
|     435.241 |    5.86364335 |             1.051 |         PHOTON |
|      84.934 |    5.87173629 |             2.495 |          EVENT |
|     226.087 |    5.88938195 |             1.591 |          EVENT |
|     292.790 |    5.95774788 |             2.636 |         PHOTON |
|      46.935 |    6.00999349 |             1.068 |         PHOTON |
|     350.276 |    6.08859533 |             0.577 |          EVENT |
|      49.123 |    6.10404348 |             1.216 |          EVENT |
|     113.238 |    6.10725540 |             2.156 |         PHOTON |
|     123.011 |    6.14432681 |             1.239 |          EVENT |
|     376.203 |    6.16844887 |             2.821 |         PHOTON |
|      87.496 |    6.17901564 |             2.012 |          EVENT |
|     166.238 |    6.20515364 |             0.841 |          EVENT |
|     337.058 |    6.22760236 |             0.256 |         PHOTON |
|     258.993 |    6.22880113 |             0.943 |         PHOTON |
|      45.119 |    6.26983774 |             2.126 |          EVENT |
|      38.727 |    6.28996414 |             2.553 |          EVENT |
|     146.984 |    6.38677263 |             1.075 |         PHOTON |
|      98.659 |    6.40717536 |             2.554 |          EVENT |
|      75.187 |    6.60298276 |             0.944 |          EVENT |
|     269.040 |    6.60690182 |             1.957 |          EVENT |
|     216.133 |    6.63690239 |             2.855 |          EVENT |
|     391.770 |    6.64171791 |             0.350 |         PHOTON |
|      39.559 |    6.71591175 |             1.750 |          EVENT |
|      88.132 |    6.80763978 |             1.452 |         PHOTON |
|     101.766 |    6.82763702 |             0.885 |         PHOTON |
|     406.131 |    6.84794438 |             0.220 |         PHOTON |
|     302.598 |    6.88396704 |             2.487 |          EVENT |
|     149.618 |    6.92143106 |             0.966 |         PHOTON |
|     463.504 |    6.97322839 |             0.883 |         PHOTON |
|      73.178 |    7.02894777 |             2.918 |          EVENT |
|     109.706 |    7.03447592 |             0.573 |          EVENT |
|     286.468 |    7.07726979 |             1.041 |         PHOTON |
|     433.355 |    7.10924256 |             0.416 |         PHOTON |
|     109.378 |    7.21281165 |             2.566 |         PHOTON |
|      50.386 |    7.25237960 |             1.592 |          EVENT |
|     316.924 |    7.27594978 |             0.895 |         PHOTON |
|      79.640 |    7.28745562 |             0.864 |          EVENT |
|      74.594 |    7.30874860 |             1.048 |          EVENT |
|     107.727 |    7.35616606 |             0.619 |         PHOTON |
|    1216.723 |    7.36138278 |             1.838 |         PHOTON |
|     182.216 |    7.41499442 |             0.666 |         PHOTON |
|      71.646 |    7.43635386 |             2.435 |         PHOTON |
|     271.367 |    7.49008065 |             1.104 |          EVENT |
|     159.410 |    7.58735442 |             1.125 |         PHOTON |
|      37.410 |    7.73118865 |             2.597 |          EVENT |
|     800.898 |    7.77454269 |             1.634 |          EVENT |
|     190.517 |    7.88142800 |             1.256 |         PHOTON |
|      95.843 |    7.88912719 |             2.087 |         PHOTON |
|     103.165 |    7.91327614 |             2.615 |         PHOTON |
|     148.530 |    8.13855428 |             2.408 |         PHOTON |
|     451.995 |    8.20147109 |             2.151 |          EVENT |
|      86.727 |    8.23874056 |             1.633 |         PHOTON |
|      77.730 |    8.33745694 |             1.309 |         PHOTON |
|     199.578 |    8.57657433 |             1.025 |          EVENT |
|     828.669 |    8.58317167 |             2.356 |         PHOTON |
|    1399.424 |    8.67425245 |             0.089 |         PHOTON |
|      89.693 |    8.70412004 |             1.732 |         PHOTON |
|     100.852 |    9.02317303 |             1.469 |          EVENT |
|     288.879 |    9.08297855 |             2.605 |         PHOTON |
|    3321.623 |    9.47709072 |             1.328 |         PHOTON |
|     426.348 |    9.56934458 |             0.762 |         PHOTON |
|     126.248 |    9.70746446 |             2.056 |         PHOTON |
|     234.096 |    9.78880829 |             0.512 |         PHOTON |
|     168.443 |    9.83348054 |             0.741 |         PHOTON |
|     826.974 |    9.87075615 |             0.338 |         PHOTON |
|      40.584 |    9.88454264 |             0.823 |          EVENT |
|     250.856 |    9.88621283 |             1.387 |          EVENT |
|      61.032 |    9.88672668 |             2.993 |          EVENT |
|     363.463 |    9.88725597 |             0.791 |         PHOTON |
|      39.967 |    9.89401460 |             2.108 |          EVENT |
|     162.560 |    9.89569080 |             0.229 |         PHOTON |
|     119.983 |    9.89934093 |             0.505 |          EVENT |
|     389.453 |    9.90121162 |             1.670 |          EVENT |
|     854.424 |    9.90398252 |             0.697 |         PHOTON |
|     162.256 |    9.90860331 |             2.878 |          EVENT |
|     537.802 |    9.90886867 |             0.292 |         PHOTON |
|      58.238 |    9.91427755 |             1.230 |          EVENT |
|      38.670 |    9.91859210 |             2.063 |          EVENT |
|     179.650 |    9.91916120 |             0.888 |         PHOTON |
|     172.164 |    9.91950238 |             1.970 |         PHOTON |
|     269.798 |    9.92101061 |             0.706 |         PHOTON |
|     270.156 |    9.94152081 |             1.753 |         PHOTON |
|     151.819 |    9.94373018 |             1.161 |         PHOTON |
|      75.113 |    9.95072621 |             1.794 |          EVENT |
|     315.505 |    9.95616031 |             1.502 |         PHOTON |
|      37.748 |    9.96150452 |             1.298 |          EVENT |
|     218.017 |    9.97509742 |             0.941 |          EVENT |
|      57.912 |    9.98004359 |             1.761 |         PHOTON |
|      85.690 |    9.99967396 |             1.916 |         PHOTON |
|     248.445 |   10.00534272 |             0.785 |         PHOTON |
|     247.570 |   10.01223147 |             2.099 |         PHOTON |
|      44.531 |   10.02279872 |             1.989 |          EVENT |
|      43.663 |   10.02482778 |             1.883 |          EVENT |
|     201.636 |   10.02853894 |             0.386 |         PHOTON |
|     359.455 |   10.04385352 |             1.653 |          EVENT |
|     184.342 |   10.04978496 |             0.401 |         PHOTON |
|     137.458 |   10.05209780 |             0.733 |          EVENT |
|      90.702 |   10.06723887 |             2.562 |         PHOTON |
|     240.823 |   10.11050725 |             0.839 |         PHOTON |
|     241.837 |   10.11161780 |             1.398 |         PHOTON |
|     356.608 |   10.13797849 |             1.572 |         PHOTON |
|     146.829 |   10.14401299 |             1.131 |         PHOTON |
|      84.995 |   10.18487680 |             0.660 |          EVENT |
|      38.913 |   10.20720470 |             1.927 |          EVENT |
|      81.466 |   10.21560681 |             0.724 |          EVENT |
|      93.279 |   10.28346252 |             1.420 |         PHOTON |
|     203.494 |   10.33713305 |             2.933 |         PHOTON |
|     477.985 |   10.37654567 |             1.765 |         PHOTON |
|     246.632 |   10.43522513 |             0.157 |          EVENT |
|     206.518 |   10.46030259 |             1.412 |         PHOTON |
|     220.128 |   10.46568900 |             0.861 |         PHOTON |
|    1439.572 |   10.52996153 |             0.322 |         PHOTON |
|     125.887 |   10.58497941 |             1.387 |         PHOTON |
|     599.201 |   10.61849290 |             0.640 |         PHOTON |
|     182.502 |   10.69110072 |             2.461 |         PHOTON |
|     129.222 |   10.69637173 |             2.208 |          EVENT |
|     320.209 |   10.72266573 |             1.602 |         PHOTON |
|     197.247 |   10.73476416 |             1.189 |         PHOTON |
|     112.780 |   10.74017453 |             1.656 |          EVENT |
|     140.576 |   10.75247902 |             0.594 |          EVENT |
|     449.750 |   10.76083112 |             2.682 |         PHOTON |
|      67.103 |   10.86038905 |             2.715 |          EVENT |
|      90.739 |   10.90509582 |             0.814 |          EVENT |
|     891.497 |   10.91474277 |             0.671 |         PHOTON |
|     172.701 |   10.91814262 |             2.016 |          EVENT |
|     591.055 |   10.94350439 |             0.547 |          EVENT |
|      60.595 |   10.98242617 |             2.077 |         PHOTON |
|      71.238 |   11.16458011 |             1.397 |          EVENT |
|      75.740 |   11.22558403 |             2.516 |          EVENT |
|      77.614 |   11.28793573 |             1.227 |          EVENT |
|      93.066 |   11.31549013 |             1.779 |         PHOTON |
|     158.754 |   11.36297429 |             1.424 |         PHOTON |
|     238.066 |   11.36708748 |             0.249 |         PHOTON |
|     144.916 |   11.36758107 |             2.151 |          EVENT |
|     368.696 |   11.44033664 |             0.815 |         PHOTON |
|     225.054 |   11.44147837 |             1.222 |          EVENT |
|      50.549 |   11.46548492 |             1.420 |          EVENT |
|     483.402 |   11.51945156 |             0.074 |         PHOTON |
|     237.018 |   11.55149335 |             0.953 |         PHOTON |
|      46.445 |   11.65054238 |             0.533 |          EVENT |
|      76.143 |   11.67303747 |             2.049 |         PHOTON |
|      63.398 |   11.69403416 |             1.650 |         PHOTON |
|      57.920 |   11.70340532 |             1.758 |          EVENT |
|     236.843 |   11.71950513 |             1.461 |         PHOTON |
|     206.402 |   11.75071830 |             1.683 |          EVENT |
|     220.679 |   11.76835561 |             0.587 |         PHOTON |
|     380.938 |   11.80209970 |             0.471 |         PHOTON |
|    2040.682 |   11.80220687 |             1.562 |         PHOTON |
|     169.535 |   11.81876385 |             0.924 |         PHOTON |
|     176.464 |   11.86859864 |             2.726 |         PHOTON |
|     300.983 |   11.88937110 |             0.684 |          EVENT |
|      56.874 |   11.92833430 |             1.455 |          EVENT |
|     195.915 |   11.94307327 |             1.858 |          EVENT |
|     219.800 |   11.95238483 |             2.228 |          EVENT |
|     246.532 |   12.01150185 |             1.086 |         PHOTON |
|     448.765 |   12.09394920 |             1.383 |         PHOTON |
|      88.591 |   12.09822869 |             1.593 |          EVENT |
|     329.042 |   12.17461866 |             0.722 |          EVENT |
|      38.847 |   12.23738831 |             1.030 |          EVENT |
|      92.535 |   12.27267736 |             2.999 |          EVENT |
|     121.374 |   12.33421385 |             1.753 |         PHOTON |
|      80.749 |   12.36212391 |             2.725 |          EVENT |
|     128.062 |   12.38674194 |             2.368 |          EVENT |
|      76.702 |   12.46376109 |             2.519 |          EVENT |
|     610.878 |   12.46472281 |             0.306 |         PHOTON |
|     778.954 |   12.47047955 |             0.578 |         PHOTON |
|      97.946 |   12.49425846 |             2.787 |         PHOTON |
|     187.900 |   12.55537647 |             2.371 |         PHOTON |
|      51.482 |   12.69995755 |             2.623 |          EVENT |
|      54.074 |   12.83573633 |             0.561 |         PHOTON |
|      62.802 |   12.84422344 |             2.733 |         PHOTON |
|     128.889 |   12.90103203 |             0.997 |         PHOTON |
|     136.640 |   13.12545282 |             2.817 |         PHOTON |
|     117.655 |   13.15474135 |             1.730 |         PHOTON |
|     157.093 |   13.15543866 |             0.586 |          EVENT |
|     290.807 |   13.18089187 |             2.875 |          EVENT |
|     935.760 |   13.52162009 |             0.528 |         PHOTON |
|     107.866 |   13.54170287 |             1.431 |          EVENT |
|     818.673 |   13.56171745 |             2.088 |         PHOTON |
|     899.947 |   13.96372813 |             0.239 |         PHOTON |
|     133.052 |   13.97121763 |             2.913 |          EVENT |
|     276.320 |   13.99751705 |             2.374 |         PHOTON |
|     157.968 |   14.05193847 |             1.422 |         PHOTON |
|     468.277 |   14.11345696 |             2.432 |          EVENT |
|     241.146 |   14.13352782 |             1.264 |         PHOTON |
|     278.030 |   14.21781719 |             0.354 |         PHOTON |
|     611.584 |   14.23437417 |             0.391 |         PHOTON |
|    1059.216 |   14.33653831 |             2.244 |         PHOTON |
|     206.344 |   14.35849887 |             1.883 |         PHOTON |
|     150.615 |   14.59350240 |             1.873 |          EVENT |
|    2210.702 |   14.70218229 |             0.450 |         PHOTON |
|    1101.685 |   14.79802847 |             0.590 |         PHOTON |
|    1265.686 |   14.87899464 |             0.157 |         PHOTON |
|     358.148 |   15.12515152 |             1.548 |         PHOTON |
|      52.192 |   15.18028325 |             1.981 |          EVENT |
|    2662.022 |   15.46516967 |             0.109 |         PHOTON |
|      78.146 |   15.47758472 |             1.948 |          EVENT |
|     115.677 |   15.59720498 |             2.549 |         PHOTON |
|      73.559 |   15.74968916 |             2.860 |          EVENT |
|     392.477 |   15.79452819 |             1.408 |         PHOTON |
|     154.847 |   15.79807073 |             0.271 |         PHOTON |
|     136.686 |   15.82442611 |             1.846 |         PHOTON |
|     201.222 |   15.88501465 |             0.633 |         PHOTON |
|      72.624 |   16.01508707 |             0.373 |          EVENT |
|      46.919 |   16.03583062 |             0.454 |         PHOTON |
|     215.131 |   16.09517539 |             0.971 |         PHOTON |
|     478.237 |   16.18743056 |             2.222 |         PHOTON |
|     239.292 |   16.32243842 |             1.637 |         PHOTON |
|     132.099 |   16.36503977 |             1.191 |         PHOTON |
|    1983.802 |   16.54689419 |             0.077 |         PHOTON |
|     100.070 |   16.58973521 |             1.694 |          EVENT |
|     558.274 |   16.61329269 |             2.907 |          EVENT |
|    2051.132 |   16.67723602 |             0.251 |         PHOTON |
|    2549.045 |   16.86246663 |             0.113 |         PHOTON |
|     210.431 |   16.90268439 |             1.909 |         PHOTON |
|     131.486 |   17.32613647 |             2.736 |         PHOTON |
|     132.922 |   17.45466006 |             2.100 |         PHOTON |
|     647.768 |   17.61451918 |             0.155 |         PHOTON |
|     100.428 |   17.67689008 |             1.072 |         PHOTON |
|      46.455 |   17.74146396 |             1.862 |         PHOTON |
|     391.651 |   17.75050396 |             1.091 |         PHOTON |
|     306.154 |   18.26627064 |             1.283 |          EVENT |
|     740.133 |   18.75306827 |             1.660 |         PHOTON |
|      94.452 |   18.87504500 |             1.786 |          EVENT |
|     367.820 |   18.93322492 |             0.521 |         PHOTON |
|     492.849 |   19.20155442 |             1.317 |         PHOTON |
|     157.764 |   19.24150956 |             1.062 |         PHOTON |
|     152.015 |   19.36522228 |             2.266 |         PHOTON |
|     156.234 |   19.36874545 |             2.718 |          EVENT |
|     165.202 |   19.54869574 |             2.602 |          EVENT |
|     191.526 |   19.75712168 |             0.649 |          EVENT |
|    1789.328 |   19.77007860 |             0.064 |         PHOTON |
|     115.182 |   19.80660546 |             2.244 |         PHOTON |
|      45.558 |   20.06621653 |             1.673 |          EVENT |
|     211.687 |   20.11876863 |             2.624 |         PHOTON |
|     335.847 |   20.17382497 |             1.507 |         PHOTON |
|     608.385 |   20.17810798 |             2.604 |          EVENT |
|     169.611 |   20.51345116 |             1.207 |         PHOTON |
|     172.240 |   21.04644126 |             2.553 |         PHOTON |
|     185.938 |   21.43499708 |             1.026 |         PHOTON |
|     366.800 |   22.48227501 |             0.688 |         PHOTON |
|     133.031 |   22.67249840 |             1.976 |         PHOTON |
|     174.599 |   23.39086235 |             2.232 |         PHOTON |
|      72.742 |   23.49555236 |             0.667 |          EVENT |
|     878.153 |   23.57134134 |             1.912 |         PHOTON |
|     996.107 |   23.97941732 |             1.012 |         PHOTON |
|     212.781 |   24.15479672 |             0.241 |         PHOTON |
|     635.633 |   24.29335165 |             0.284 |         PHOTON |
|      74.353 |   24.79879624 |             2.659 |         PHOTON |
|   19459.947 |   24.83495963 |             0.009 |         PHOTON |
|     586.846 |   24.99793756 |             0.427 |         PHOTON |
|     910.031 |   25.27654022 |             1.807 |         PHOTON |
|      80.217 |   25.30432039 |             1.486 |          EVENT |
|     692.778 |   25.32232583 |             0.496 |         PHOTON |
|      61.821 |   25.56184173 |             1.991 |          EVENT |
|     187.659 |   25.74305743 |             2.325 |         PHOTON |
|     541.589 |   26.30920434 |             0.335 |         PHOTON |
|     317.774 |   26.85716593 |             0.491 |         PHOTON |
|      53.934 |   26.92078561 |             2.946 |          EVENT |
|     170.560 |   28.03173971 |             1.424 |         PHOTON |
|     394.443 |   28.54115260 |             0.221 |         PHOTON |
|     542.641 |   28.84635973 |             0.403 |         PHOTON |
|     112.703 |   29.21567506 |             0.567 |          EVENT |
|     668.921 |   29.93851489 |             0.926 |         PHOTON |
|     129.498 |   30.11602086 |             2.761 |         PHOTON |
|      36.598 |   30.36109257 |             2.893 |          EVENT |
|      60.876 |   31.96415770 |             0.268 |          EVENT |
|     138.876 |   33.36104923 |             0.589 |         PHOTON |
|     290.781 |   33.54475766 |             2.574 |         PHOTON |
|    1158.967 |   34.11292887 |             0.615 |         PHOTON |
|    2192.802 |   34.68966794 |             0.340 |         PHOTON |
|     210.651 |   35.68635261 |             0.436 |         PHOTON |
|     267.701 |   36.09302056 |             2.029 |         PHOTON |
|     208.497 |   37.50139934 |             0.309 |         PHOTON |
|    6188.551 |   38.98674303 |             0.176 |         PHOTON |
|      53.960 |   39.17863333 |             1.636 |          EVENT |
|     247.626 |   43.42714071 |             2.098 |         PHOTON |
|     163.391 |   43.92492515 |             2.852 |         PHOTON |
|      85.739 |   44.33162606 |             2.993 |         PHOTON |
|    2242.787 |   45.63899350 |             0.045 |         PHOTON |
|     105.061 |   46.48823166 |             1.432 |          EVENT |
|     285.339 |   48.49379551 |             1.131 |          EVENT |
|      58.910 |   49.15739840 |             1.640 |         PHOTON |
|     199.531 |   49.20467043 |             2.161 |          EVENT |
|      83.264 |   49.27037120 |             1.661 |          EVENT |
|     271.539 |   49.81914628 |             1.358 |          EVENT |
|     204.579 |   50.59791559 |             2.644 |          EVENT |
|     187.022 |   50.74435657 |             1.296 |         PHOTON |
|      56.328 |   51.18163341 |             1.314 |         PHOTON |
|     252.112 |   51.69025880 |             2.558 |         PHOTON |
|      98.871 |   52.30747122 |             1.041 |         PHOTON |
|      62.466 |   52.32357240 |             2.379 |          EVENT |
|      91.470 |   52.53674519 |             0.951 |         PHOTON |
|      99.499 |   53.17030019 |             2.024 |          EVENT |
|      66.483 |   54.17750788 |             1.470 |          EVENT |
|    1542.007 |   54.39983618 |             0.857 |         PHOTON |
|    1124.962 |   55.67246419 |             2.656 |         PHOTON |
|    3103.665 |   59.54703814 |             0.138 |         PHOTON |
|     119.392 |   60.22756189 |             1.425 |          EVENT |
|    7719.723 |   60.28406596 |             0.253 |         PHOTON |
|     769.713 |   61.19653296 |             1.498 |         PHOTON |
|     157.153 |   63.52914584 |             0.728 |         PHOTON |
|     308.428 |   63.58203864 |             0.527 |         PHOTON |
|      90.700 |   64.96041006 |             1.196 |         PHOTON |
|     449.514 |   65.23637855 |             0.145 |         PHOTON |
|     437.835 |   68.27615684 |             1.738 |         PHOTON |
|     430.038 |   69.36830693 |             1.475 |         PHOTON |
|     327.032 |   71.62254357 |             0.799 |         PHOTON |
|     139.986 |   73.24794561 |             0.745 |         PHOTON |
|    1082.449 |   74.77888852 |             0.506 |         PHOTON |
|     975.501 |   77.18271297 |             1.148 |          EVENT |
|     318.836 |   77.70358735 |             1.040 |         PHOTON |
|    3910.814 |   77.79939270 |             0.329 |         PHOTON |
|     235.948 |   80.21099979 |             0.615 |         PHOTON |
|      95.192 |   81.18770522 |             2.572 |          EVENT |
|     212.649 |   83.85829318 |             2.098 |          EVENT |
|    2780.244 |   91.55677146 |             1.100 |         PHOTON |
|    6258.262 |   92.00869441 |             1.407 |         PHOTON |
|     136.028 |   92.45221323 |             1.722 |          EVENT |
|     375.926 |  102.78530598 |             0.372 |         PHOTON |
|     171.711 |  110.09171891 |             0.556 |         PHOTON |
|    2402.273 |  111.61432618 |             0.119 |         PHOTON |
|     144.531 |  114.94575274 |             2.016 |         PHOTON |
|     146.040 |  133.13313103 |             0.584 |          EVENT |
|     216.242 |  135.07312322 |             0.540 |         PHOTON |
|     193.060 |  145.36300057 |             2.947 |         PHOTON |
|     534.032 |  150.85196334 |             1.033 |         PHOTON |
|     347.290 |  158.11500359 |             2.901 |         PHOTON |
|    1585.660 |  164.52071798 |             0.427 |         PHOTON |
|     145.924 |  167.38592803 |             1.207 |         PHOTON |
|      98.226 |  167.86471111 |             2.197 |         PHOTON |
|     179.363 |  182.14439040 |             1.983 |         PHOTON |
|    2144.699 |  198.99235642 |             1.183 |         PHOTON |
|     465.337 |  206.46471894 |             0.136 |          EVENT |
|     179.138 |  208.90603268 |             1.463 |         PHOTON |
|     548.170 |  217.20415580 |             0.694 |          EVENT |
|    4954.049 |  218.91958117 |             0.657 |         PHOTON |
|     319.520 |  233.92222750 |             0.660 |         PHOTON |
|     113.537 |  237.33605397 |             1.315 |          EVENT |
|     140.370 |  239.10313296 |             1.774 |         PHOTON |
|     293.778 |  247.65643281 |             2.262 |         PHOTON |
|    1897.769 |  255.82041794 |             0.221 |         PHOTON |
|    4711.061 |  271.94254494 |             0.257 |         PHOTON |
|     853.967 |  285.56270283 |             0.841 |         PHOTON |
|     843.418 |  296.94262350 |             0.540 |         PHOTON |
|     193.639 |  300.60515529 |             2.905 |          EVENT |
|     477.246 |  311.52859342 |             1.770 |         PHOTON |
|    1690.684 |  313.91217077 |             0.473 |         PHOTON |
|     358.920 |  345.48628396 |             0.260 |          EVENT |
|     108.726 |  372.03518355 |             2.557 |          EVENT |
|     105.786 |  406.30300474 |             1.278 |          EVENT |
|      81.917 |  429.30157661 |             2.663 |         PHOTON |
|     174.055 |  488.67454475 |             1.836 |          EVENT |
|      53.646 |  491.04228663 |             2.726 |          EVENT |
|     156.919 |  504.96090746 |             2.195 |         PHOTON |
|    1141.155 |  514.26384670 |             0.359 |         PHOTON |
|     267.312 |  523.77283388 |             2.654 |         PHOTON |
|      41.784 |  543.76493579 |             1.519 |          EVENT |
|      99.942 |  618.75629115 |             1.258 |          EVENT |
|     101.613 |  656.94841671 |             2.174 |          EVENT |
|    1614.835 |  678.33897048 |             2.732 |         PHOTON |
|     149.854 |  680.21110195 |             1.538 |          EVENT |
|     326.615 |  696.30413902 |             1.653 |         PHOTON |
|     102.253 |  700.61962491 |             1.380 |          EVENT |
|     210.605 |  707.09054977 |             2.270 |          EVENT |
|     124.525 |  710.77158594 |             2.524 |          EVENT |
|     138.964 |  718.29633898 |             2.271 |          EVENT |
|     371.663 |  721.03203529 |             1.960 |         PHOTON |
|     434.605 |  740.10770649 |             1.546 |         PHOTON |
|     125.281 |  746.87223202 |             1.605 |         PHOTON |
|     407.103 |  756.21766651 |             2.524 |         PHOTON |
|     201.746 |  761.30455399 |             1.163 |          EVENT |
|     315.019 |  804.75651222 |             2.271 |         PHOTON |
|     294.249 |  813.49977201 |             0.688 |          EVENT |
|     170.838 |  819.89357424 |             2.711 |         PHOTON |
|      96.707 |  840.91422653 |             1.559 |          EVENT |
|     213.832 |  862.69934237 |             2.418 |         PHOTON |
|     250.180 |  868.84704983 |             1.243 |          EVENT |
|     290.995 |  877.26635969 |             1.840 |          EVENT |
|     575.612 |  896.43353027 |             2.463 |          EVENT |
|      73.792 |  925.71487892 |             1.846 |          EVENT |
|     159.835 |  965.91951710 |             2.730 |         PHOTON |
|     595.332 |  998.33366758 |             2.335 |         PHOTON |
