GRB131108A
Pass 8
RA: 156.81, Dec: 9.60, Error: 0.22 degrees
MET Trigger Time: 405636118.760, Redshift: 2.4
3 degree extended list, 1000 seconds before and after trigger time

| ENERGY(MeV) | TIME(Seconds) | DISTANCE(Degrees) | CLASSIFICATION |
|      34.492 | -309.19628710 |             0.833 |          EVENT |
|      41.795 | -102.23468739 |             1.387 |         PHOTON |
|      87.224 |    0.09141445 |             1.859 |          EVENT |
|      53.456 |    0.11082637 |             1.863 |          EVENT |
|      63.955 |    0.11137229 |             1.275 |          EVENT |
|     120.427 |    0.11579072 |             1.244 |         PHOTON |
|     429.776 |    0.11945033 |             1.123 |          EVENT |
|     247.440 |    0.12328285 |             1.749 |         PHOTON |
|      62.660 |    0.12726873 |             1.095 |         PHOTON |
|     150.352 |    0.12943870 |             2.123 |         PHOTON |
|      35.798 |    0.13140690 |             2.618 |          EVENT |
|      85.682 |    0.13249022 |             1.710 |          EVENT |
|     109.704 |    0.13820189 |             1.414 |          EVENT |
|      87.840 |    0.14456999 |             1.929 |         PHOTON |
|      71.467 |    0.15134400 |             2.013 |          EVENT |
|      45.135 |    0.15286243 |             2.013 |          EVENT |
|     326.408 |    0.15595746 |             2.815 |         PHOTON |
|     141.758 |    0.17822391 |             2.826 |         PHOTON |
|     113.257 |    0.18262440 |             2.927 |          EVENT |
|      38.463 |    0.18682057 |             1.985 |          EVENT |
|     868.513 |    0.19340515 |             0.824 |         PHOTON |
|      69.533 |    0.19418627 |             2.289 |          EVENT |
|     152.758 |    0.20285177 |             2.496 |         PHOTON |
|     132.058 |    0.21802473 |             2.757 |          EVENT |
|      89.389 |    0.22326475 |             0.503 |          EVENT |
|     402.849 |    0.24356604 |             1.208 |         PHOTON |
|     146.719 |    0.24899787 |             2.215 |          EVENT |
|     331.783 |    0.27346379 |             1.028 |          EVENT |
|     140.363 |    0.28739303 |             2.725 |         PHOTON |
|     113.617 |    0.29986113 |             2.421 |          EVENT |
|     162.769 |    0.30192828 |             1.359 |          EVENT |
|      77.196 |    0.30325270 |             2.030 |          EVENT |
|      90.636 |    0.32358015 |             2.872 |          EVENT |
|      41.909 |    0.34208786 |             0.512 |         PHOTON |
|     108.043 |    0.38024956 |             1.902 |         PHOTON |
|     130.225 |    0.65721548 |             0.355 |         PHOTON |
|     220.980 |    0.66525728 |             1.929 |         PHOTON |
|      47.090 |    0.69968724 |             2.821 |         PHOTON |
|     219.902 |    0.72171247 |             1.179 |          EVENT |
|     297.472 |    0.75781459 |             1.733 |         PHOTON |
|     559.258 |    0.77455264 |             0.230 |         PHOTON |
|     660.418 |    0.87982953 |             0.376 |         PHOTON |
|      79.315 |    0.89206529 |             1.124 |          EVENT |
|      83.415 |    0.93910366 |             1.503 |         PHOTON |
|      97.553 |    0.95615333 |             2.374 |         PHOTON |
|     159.982 |    1.10634679 |             0.820 |         PHOTON |
|      44.941 |    1.27207190 |             0.764 |         PHOTON |
|      39.505 |    1.36181206 |             2.782 |          EVENT |
|      74.339 |    1.48385531 |             1.293 |          EVENT |
|      44.542 |    1.50959802 |             1.950 |          EVENT |
|     110.015 |    1.60093093 |             0.753 |          EVENT |
|      65.949 |    1.95423841 |             1.888 |          EVENT |
|      59.310 |    2.06652462 |             1.509 |          EVENT |
|     500.552 |    2.10908049 |             0.903 |         PHOTON |
|     105.600 |    2.11922950 |             1.539 |         PHOTON |
|      31.723 |    2.26268882 |             2.334 |         PHOTON |
|     309.492 |    2.32982516 |             1.740 |         PHOTON |
|      66.999 |    2.46311510 |             0.082 |         PHOTON |
|     105.605 |    2.47489899 |             0.954 |         PHOTON |
|      87.654 |    2.53795290 |             1.489 |          EVENT |
|     613.290 |    2.65333557 |             2.672 |         PHOTON |
|     157.857 |    2.66019171 |             1.708 |         PHOTON |
|      55.591 |    2.67361587 |             2.095 |          EVENT |
|     143.146 |    2.69552314 |             1.981 |          EVENT |
|      53.749 |    2.71708047 |             2.167 |         PHOTON |
|      94.378 |    2.73942417 |             0.594 |          EVENT |
|     366.744 |    2.74642277 |             1.301 |         PHOTON |
|     341.603 |    2.76337940 |             1.961 |         PHOTON |
|     532.775 |    2.76719332 |             0.973 |         PHOTON |
|      93.209 |    2.76864612 |             1.016 |         PHOTON |
|      42.982 |    2.78489512 |             2.053 |          EVENT |
|    1068.740 |    2.84001237 |             0.802 |         PHOTON |
|     628.111 |    2.91698074 |             0.633 |         PHOTON |
|      73.390 |    2.92663038 |             0.637 |          EVENT |
|     127.837 |    2.92985660 |             0.915 |         PHOTON |
|      97.866 |    3.11986250 |             2.646 |         PHOTON |
|      75.580 |    3.15074438 |             0.863 |          EVENT |
|     135.237 |    3.42346203 |             0.768 |          EVENT |
|     276.711 |    3.49103332 |             1.199 |         PHOTON |
|      94.931 |    3.75387907 |             0.526 |          EVENT |
|     146.884 |    4.00173837 |             1.442 |          EVENT |
|      83.612 |    4.07877696 |             1.838 |          EVENT |
|     328.635 |    4.09058017 |             0.611 |          EVENT |
|     172.297 |    4.52729601 |             1.646 |         PHOTON |
|      95.863 |    4.79197603 |             1.370 |          EVENT |
|      37.167 |    4.83331853 |             1.876 |          EVENT |
|     177.723 |    4.83964705 |             2.097 |         PHOTON |
|     109.944 |    4.84207886 |             1.101 |         PHOTON |
|      93.166 |    4.86246371 |             1.962 |          EVENT |
|     111.795 |    4.88453853 |             2.653 |         PHOTON |
|      63.265 |    4.91979969 |             2.503 |         PHOTON |
|     286.144 |    4.94569975 |             0.700 |          EVENT |
|     439.509 |    4.96818370 |             2.259 |         PHOTON |
|     177.660 |    5.02522606 |             0.518 |          EVENT |
|      62.127 |    5.05848914 |             2.399 |          EVENT |
|     217.255 |    5.11918813 |             2.922 |          EVENT |
|      64.259 |    5.19203573 |             0.987 |          EVENT |
|    1177.646 |    5.21313369 |             0.953 |         PHOTON |
|      90.142 |    5.24758404 |             1.041 |         PHOTON |
|     226.730 |    5.35891211 |             0.374 |         PHOTON |
|     188.795 |    5.38518131 |             0.575 |         PHOTON |
|     224.448 |    5.47535175 |             2.213 |          EVENT |
|      61.618 |    5.57290107 |             1.726 |         PHOTON |
|     299.798 |    5.73313427 |             2.989 |          EVENT |
|     176.446 |    5.81557935 |             0.612 |          EVENT |
|      85.639 |    5.81621718 |             1.801 |          EVENT |
|      63.326 |    5.84938359 |             1.071 |         PHOTON |
|     807.979 |    5.98365837 |             0.299 |         PHOTON |
|     180.002 |    6.03835911 |             2.752 |         PHOTON |
|      44.959 |    6.07775569 |             1.402 |          EVENT |
|      60.830 |    6.08690655 |             1.244 |          EVENT |
|      89.223 |    6.09719890 |             0.644 |         PHOTON |
|     235.337 |    6.14416867 |             2.252 |          EVENT |
|     177.313 |    6.15013522 |             1.850 |          EVENT |
|      42.707 |    6.16207755 |             1.952 |         PHOTON |
|      45.651 |    6.34410632 |             1.608 |          EVENT |
|     123.785 |    6.42981052 |             1.269 |         PHOTON |
|      34.426 |    6.58995092 |             2.870 |         PHOTON |
|      64.681 |    6.79485679 |             2.031 |          EVENT |
|     276.616 |    6.79891622 |             1.941 |          EVENT |
|     140.003 |    6.84074622 |             1.226 |         PHOTON |
|     164.117 |    6.86273533 |             2.846 |         PHOTON |
|     175.970 |    6.91468459 |             2.285 |         PHOTON |
|     102.054 |    7.28658372 |             0.538 |         PHOTON |
|     122.714 |    7.40905386 |             1.247 |         PHOTON |
|     134.514 |    7.46784317 |             1.952 |         PHOTON |
|      81.482 |    7.48986298 |             2.833 |          EVENT |
|     138.769 |    7.56057990 |             0.936 |         PHOTON |
|     424.284 |    7.57103854 |             0.064 |         PHOTON |
|     748.087 |    7.61864793 |             0.344 |         PHOTON |
|     144.897 |    7.61917317 |             0.930 |         PHOTON |
|     624.803 |    7.66459554 |             0.839 |          EVENT |
|     456.363 |    7.67736918 |             2.128 |         PHOTON |
|      39.392 |    7.70880157 |             2.200 |          EVENT |
|      94.063 |    7.74764407 |             1.578 |         PHOTON |
|      58.743 |    7.76886642 |             1.691 |          EVENT |
|     453.978 |    7.82979703 |             0.546 |         PHOTON |
|     389.701 |    7.87477219 |             0.524 |         PHOTON |
|     470.365 |    7.89972508 |             0.033 |         PHOTON |
|      77.367 |    7.90124935 |             1.974 |         PHOTON |
|      48.657 |    7.94157892 |             1.234 |         PHOTON |
|     499.297 |    7.94216603 |             0.028 |         PHOTON |
|     449.368 |    7.94767833 |             1.442 |          EVENT |
|     587.138 |    8.14584041 |             1.076 |         PHOTON |
|      66.963 |    8.24933511 |             1.023 |          EVENT |
|      54.778 |    8.26898992 |             0.727 |         PHOTON |
|     116.806 |    8.30128932 |             0.939 |         PHOTON |
|     381.718 |    8.54971737 |             1.938 |         PHOTON |
|      85.750 |    8.58686900 |             0.954 |          EVENT |
|     129.244 |    8.97052723 |             2.005 |         PHOTON |
|     156.998 |    9.19128531 |             2.815 |         PHOTON |
|      65.465 |    9.20625645 |             1.201 |          EVENT |
|     106.660 |    9.28746843 |             0.925 |         PHOTON |
|     263.451 |    9.35263830 |             1.577 |         PHOTON |
|      92.179 |    9.57723290 |             2.604 |         PHOTON |
|      48.954 |    9.79121792 |             2.583 |          EVENT |
|      36.753 |    9.88969594 |             1.003 |          EVENT |
|      58.952 |   10.08847332 |             1.953 |          EVENT |
|      55.190 |   10.23066860 |             1.287 |          EVENT |
|     220.771 |   10.39017040 |             0.835 |          EVENT |
|     147.580 |   10.60863882 |             1.525 |          EVENT |
|      76.470 |   10.64843041 |             1.939 |          EVENT |
|      72.010 |   10.66106784 |             2.681 |          EVENT |
|     124.957 |   10.77224714 |             2.594 |         PHOTON |
|      33.331 |   10.86994916 |             2.325 |         PHOTON |
|     121.115 |   10.94390714 |             1.939 |          EVENT |
|      58.574 |   11.09168613 |             2.945 |         PHOTON |
|     142.926 |   11.28931338 |             2.620 |         PHOTON |
|     159.734 |   11.51869738 |             0.149 |         PHOTON |
|     142.698 |   11.93818259 |             2.466 |         PHOTON |
|     125.547 |   11.93834966 |             0.835 |          EVENT |
|     293.045 |   11.96578932 |             1.543 |         PHOTON |
|      55.868 |   12.21911812 |             1.599 |          EVENT |
|     224.718 |   12.60788292 |             1.296 |         PHOTON |
|     142.251 |   14.57000864 |             0.989 |          EVENT |
|     299.173 |   14.86199200 |             0.921 |         PHOTON |
|      34.535 |   15.07187271 |             1.484 |         PHOTON |
|     210.487 |   15.84035653 |             1.662 |         PHOTON |
|     415.564 |   16.44911075 |             0.227 |         PHOTON |
|      63.966 |   16.86334980 |             0.555 |         PHOTON |
|     221.492 |   17.09524822 |             0.291 |          EVENT |
|     304.393 |   17.28938335 |             1.019 |         PHOTON |
|     685.312 |   17.53233242 |             0.614 |         PHOTON |
|      92.580 |   17.98621476 |             0.844 |         PHOTON |
|      54.544 |   18.12395591 |             1.988 |          EVENT |
|      61.178 |   18.29717886 |             1.715 |          EVENT |
|      51.474 |   18.38512373 |             2.140 |         PHOTON |
|     119.359 |   18.97485483 |             0.802 |          EVENT |
|     266.307 |   19.50801903 |             0.888 |          EVENT |
|     185.319 |   19.87944216 |             2.444 |         PHOTON |
|      53.995 |   20.36236870 |             1.918 |          EVENT |
|      63.853 |   20.41219270 |             2.062 |         PHOTON |
|      68.535 |   21.47122926 |             0.780 |         PHOTON |
|      57.300 |   22.32222581 |             1.523 |         PHOTON |
|      60.102 |   22.36357051 |             2.732 |         PHOTON |
|      36.105 |   22.60919583 |             1.466 |         PHOTON |
|      49.317 |   22.62260050 |             2.661 |          EVENT |
|     795.470 |   22.72676677 |             0.167 |         PHOTON |
|     121.896 |   23.78489423 |             1.654 |         PHOTON |
|     113.260 |   24.80779684 |             1.191 |         PHOTON |
|      78.025 |   25.16566741 |             2.865 |         PHOTON |
|      86.742 |   25.57357186 |             1.909 |         PHOTON |
|     131.769 |   25.97913134 |             1.666 |         PHOTON |
|      82.509 |   26.37203097 |             2.225 |          EVENT |
|      56.580 |   26.84110218 |             1.798 |         PHOTON |
|      57.093 |   27.45609832 |             1.680 |          EVENT |
|      75.968 |   28.16671997 |             2.042 |         PHOTON |
|     142.385 |   28.30345315 |             0.556 |         PHOTON |
|      42.526 |   29.20142728 |             2.081 |          EVENT |
|     104.260 |   29.56156158 |             1.024 |          EVENT |
|      79.077 |   29.96144873 |             2.488 |          EVENT |
|     266.816 |   32.30921960 |             1.564 |         PHOTON |
|     429.556 |   34.92158598 |             1.532 |         PHOTON |
|      55.207 |   35.04070884 |             1.681 |         PHOTON |
|     246.666 |   39.35459661 |             1.134 |         PHOTON |
|      80.635 |   39.43116224 |             1.093 |          EVENT |
|      64.628 |   41.70806390 |             1.289 |          EVENT |
|     171.014 |   43.78320688 |             1.696 |         PHOTON |
|     312.953 |   48.55210924 |             1.001 |         PHOTON |
|     219.523 |   52.53574002 |             2.001 |         PHOTON |
|      49.776 |   56.13664263 |             1.807 |         PHOTON |
|      75.731 |   56.43327510 |             0.888 |          EVENT |
|     144.392 |   63.55529881 |             0.960 |          EVENT |
|      72.809 |   64.42494547 |             1.938 |         PHOTON |
|    1527.646 |   66.32518852 |             0.684 |         PHOTON |
|      76.101 |   69.85734361 |             1.153 |         PHOTON |
|     129.150 |   88.61580813 |             1.581 |          EVENT |
|      60.911 |   88.63740426 |             2.911 |          EVENT |
|     161.701 |   88.91599059 |             2.446 |          EVENT |
|      53.060 |   90.69232941 |             1.417 |         PHOTON |
|     100.911 |   91.86129814 |             1.842 |          EVENT |
|      69.274 |   93.01374578 |             2.847 |         PHOTON |
|      46.871 |  129.29040343 |             2.852 |          EVENT |
|      31.744 |  135.53571892 |             2.384 |         PHOTON |
|     208.933 |  143.09893137 |             2.797 |         PHOTON |
|     142.723 |  159.19140023 |             2.605 |         PHOTON |
|     309.447 |  166.85375774 |             0.363 |         PHOTON |
|     604.462 |  167.64589012 |             1.687 |          EVENT |
|     203.253 |  225.91286695 |             0.996 |          EVENT |
|      66.886 |  244.31830037 |             2.351 |          EVENT |
|      79.191 |  256.86810672 |             0.702 |         PHOTON |
|      90.205 |  299.39817756 |             1.546 |         PHOTON |
|      60.026 |  319.76940829 |             0.977 |          EVENT |
|     157.870 |  373.17804390 |             2.314 |         PHOTON |
|      93.461 |  389.59298372 |             2.234 |         PHOTON |
|     640.725 |  401.65643770 |             1.150 |         PHOTON |
|      35.646 |  431.78291738 |             2.848 |          EVENT |
|     209.705 |  433.44906527 |             0.366 |         PHOTON |
|      74.952 |  494.74551088 |             0.494 |         PHOTON |
|      31.298 |  525.00003910 |             2.806 |         PHOTON |
|     136.191 |  678.08998162 |             0.108 |         PHOTON |
|      52.569 |  696.55791092 |             1.046 |          EVENT |
|     176.825 |  836.16346514 |             1.816 |         PHOTON |
|      35.562 |  987.77442658 |             2.882 |          EVENT |
